8.900000000000000000e+01 9.700000000000000000e+01 6.600000000000000000e+01 1.420000000000000000e+02 2.100000000000000000e+02 4.300000000000000000e+01 2.270000000000000000e+02 2.340000000000000000e+02 9.100000000000000000e+01 1.470000000000000000e+02
1.390000000000000000e+02 2.320000000000000000e+02 2.240000000000000000e+02 9.100000000000000000e+01 1.250000000000000000e+02 2.480000000000000000e+02 1.940000000000000000e+02 1.910000000000000000e+02 1.660000000000000000e+02 1.000000000000000000e+00
0.000000000000000000e+00 1.290000000000000000e+02 1.130000000000000000e+02 2.510000000000000000e+02 2.500000000000000000e+02 1.000000000000000000e+02 2.310000000000000000e+02 1.320000000000000000e+02 1.990000000000000000e+02 8.000000000000000000e+00
2.200000000000000000e+01 8.700000000000000000e+01 1.750000000000000000e+02 7.000000000000000000e+01 2.450000000000000000e+02 1.520000000000000000e+02 3.200000000000000000e+01 1.780000000000000000e+02 9.600000000000000000e+01 2.700000000000000000e+01
7.000000000000000000e+00 7.300000000000000000e+01 5.800000000000000000e+01 9.600000000000000000e+01 2.460000000000000000e+02 1.210000000000000000e+02 2.020000000000000000e+02 2.130000000000000000e+02 2.250000000000000000e+02 1.120000000000000000e+02
2.470000000000000000e+02 2.320000000000000000e+02 2.070000000000000000e+02 2.300000000000000000e+01 1.450000000000000000e+02 1.140000000000000000e+02 1.260000000000000000e+02 1.210000000000000000e+02 2.440000000000000000e+02 4.900000000000000000e+01
2.010000000000000000e+02 2.600000000000000000e+01 1.930000000000000000e+02 1.850000000000000000e+02 2.030000000000000000e+02 1.130000000000000000e+02 1.830000000000000000e+02 1.020000000000000000e+02 7.400000000000000000e+01 1.130000000000000000e+02
2.020000000000000000e+02 3.600000000000000000e+01 1.180000000000000000e+02 2.520000000000000000e+02 1.840000000000000000e+02 6.800000000000000000e+01 2.410000000000000000e+02 1.000000000000000000e+02 2.700000000000000000e+01 1.680000000000000000e+02
1.960000000000000000e+02 4.800000000000000000e+01 1.920000000000000000e+02 2.100000000000000000e+01 6.200000000000000000e+01 1.680000000000000000e+02 1.050000000000000000e+02 2.300000000000000000e+01 1.570000000000000000e+02 2.150000000000000000e+02
8.600000000000000000e+01 7.900000000000000000e+01 1.320000000000000000e+02 2.210000000000000000e+02 1.100000000000000000e+01 1.800000000000000000e+01 1.610000000000000000e+02 2.100000000000000000e+01 1.750000000000000000e+02 8.600000000000000000e+01
